255 687
255 687
255 687
255 687
255 116
0 23
255 548
255 110
0 34
255 543
255 103
0 45
255 539
255 89
0 63
255 535
255 76
0 41
255 22
0 14
255 534
255 72
0 38
255 33
0 11
255 533
255 70
0 33
255 44
0 7
255 261
0 69
255 203
255 67
0 22
255 61
0 4
255 228
0 173
255 132
255 64
0 12
255 74
0 4
255 194
0 213
255 126
255 61
0 12
255 77
0 4
255 189
0 225
255 119
255 59
0 11
255 80
0 4
255 184
0 78
255 68
0 90
255 113
255 56
0 12
255 82
0 4
255 179
0 49
255 172
0 27
255 106
255 54
0 11
255 85
0 4
255 174
0 21
255 212
0 26
255 100
255 52
0 10
255 88
0 4
255 168
0 22
255 223
0 26
255 94
255 49
0 11
255 90
0 4
255 163
0 21
255 236
0 26
255 87
255 48
0 9
255 93
0 4
255 158
0 21
255 247
0 26
255 81
255 46
0 9
255 95
0 4
255 153
0 21
255 259
0 26
255 74
255 45
0 7
255 98
0 4
255 147
0 22
255 270
0 26
255 68
255 44
0 6
255 100
0 4
255 142
0 21
255 283
0 23
255 64
255 43
0 6
255 101
0 4
255 137
0 21
255 294
0 20
255 61
255 41
0 7
255 102
0 4
255 132
0 21
255 306
0 17
255 57
255 40
0 6
255 104
0 4
255 127
0 21
255 317
0 14
255 54
255 39
0 6
255 105
0 4
255 123
0 20
255 2
0 17
255 306
0 14
255 51
255 37
0 7
255 106
0 4
255 105
0 68
255 299
0 13
255 48
255 36
0 7
255 107
0 4
255 87
0 89
255 299
0 14
255 44
255 35
0 6
255 108
0 4
255 80
0 98
255 301
0 14
255 41
255 34
0 6
255 109
0 4
255 73
0 52
255 38
0 17
255 303
0 13
255 38
255 33
0 6
255 110
0 4
255 8
0 3
255 54
0 41
255 2
0 13
255 53
0 8
255 304
0 14
255 34
255 32
0 6
255 111
0 4
255 6
0 5
255 46
0 31
255 17
0 13
255 58
0 7
255 306
0 14
255 31
255 31
0 5
255 113
0 4
255 4
0 7
255 39
0 30
255 22
0 13
255 62
0 7
255 308
0 14
255 28
255 30
0 6
255 113
0 4
255 2
0 9
255 33
0 29
255 25
0 14
255 67
0 5
255 312
0 14
255 24
255 29
0 6
255 114
0 15
255 28
0 26
255 30
0 14
255 71
0 4
255 315
0 14
255 21
255 28
0 6
255 114
0 15
255 23
0 24
255 35
0 13
255 75
0 4
255 318
0 14
255 18
255 27
0 6
255 114
0 16
255 18
0 22
255 39
0 13
255 78
0 84
255 242
0 13
255 15
255 26
0 6
255 112
0 12
255 2
0 4
255 13
0 22
255 41
0 14
255 78
0 96
255 236
0 14
255 11
255 26
0 5
255 110
0 12
255 4
0 5
255 8
0 22
255 43
0 14
255 74
0 111
255 231
0 13
255 9
255 25
0 5
255 108
0 14
255 5
0 4
255 4
0 22
255 45
0 13
255 70
0 30
255 63
0 35
255 226
0 11
255 7
255 24
0 5
255 106
0 12
255 1
0 4
255 4
0 5
255 1
0 19
255 48
0 13
255 66
0 29
255 80
0 34
255 221
0 10
255 5
255 23
0 5
255 103
0 14
255 2
0 5
255 4
0 20
255 50
0 13
255 61
0 30
255 3
0 4
255 89
0 34
255 215
0 10
255 2
255 22
0 5
255 102
0 13
255 5
0 4
255 4
0 15
255 52
0 14
255 57
0 30
255 10
0 4
255 97
0 34
255 209
0 10
255 21
0 5
255 101
0 12
255 8
0 4
255 3
0 11
255 55
0 13
255 53
0 29
255 18
0 4
255 106
0 30
255 206
0 8
255 20
0 6
255 99
0 10
255 12
0 15
255 56
0 11
255 50
0 29
255 25
0 4
255 114
0 26
255 205
0 5
255 20
0 5
255 97
0 10
255 14
0 14
255 56
0 10
255 47
0 28
255 31
0 5
255 123
0 22
255 202
0 3
255 19
0 5
255 96
0 10
255 16
0 12
255 56
0 9
255 43
0 27
255 39
0 4
255 132
0 18
255 200
0 1
255 18
0 5
255 94
0 11
255 15
0 14
255 55
0 9
255 39
0 26
255 46
0 4
255 137
0 17
255 197
255 17
0 5
255 92
0 11
255 16
0 15
255 54
0 9
255 34
0 26
255 53
0 4
255 141
0 18
255 192
255 17
0 5
255 88
0 13
255 15
0 11
255 1
0 5
255 53
0 9
255 30
0 26
255 59
0 4
255 145
0 18
255 188
255 16
0 5
255 86
0 14
255 15
0 18
255 52
0 9
255 25
0 26
255 65
0 5
255 150
0 17
255 184
255 15
0 5
255 84
0 14
255 15
0 11
255 1
0 8
255 51
0 9
255 21
0 26
255 70
0 5
255 155
0 18
255 179
255 15
0 4
255 81
0 14
255 16
0 12
255 3
0 7
255 51
0 8
255 16
0 26
255 70
0 23
255 148
0 18
255 175
255 14
0 5
255 79
0 13
255 17
0 11
255 5
0 7
255 50
0 8
255 12
0 26
255 12
0 4
255 34
0 54
255 17
0 24
255 106
0 18
255 171
255 14
0 4
255 78
0 12
255 17
0 11
255 8
0 7
255 48
0 8
255 10
0 23
255 18
0 5
255 31
0 61
255 9
0 33
255 106
0 18
255 166
255 14
0 4
255 75
0 11
255 19
0 11
255 10
0 6
255 47
0 8
255 9
0 20
255 23
0 6
255 28
0 68
255 3
0 36
255 109
0 16
255 164
255 13
0 5
255 73
0 10
255 20
0 10
255 13
0 6
255 45
0 8
255 7
0 17
255 28
0 8
255 26
0 35
255 2
0 5
255 15
0 31
255 10
0 13
255 111
0 14
255 162
255 13
0 4
255 72
0 10
255 20
0 10
255 15
0 5
255 44
0 8
255 6
0 14
255 33
0 9
255 23
0 12
255 27
0 5
255 20
0 18
255 24
0 9
255 115
0 11
255 160
255 12
0 5
255 68
0 12
255 21
0 8
255 17
0 6
255 42
0 9
255 4
0 14
255 34
0 11
255 20
0 12
255 29
0 6
255 24
0 14
255 28
0 6
255 118
0 9
255 158
255 12
0 4
255 65
0 13
255 22
0 8
255 19
0 5
255 41
0 9
255 2
0 14
255 36
0 12
255 18
0 12
255 32
0 5
255 22
0 19
255 27
0 6
255 119
0 9
255 156
255 11
0 5
255 60
0 16
255 22
0 8
255 21
0 4
255 40
0 9
255 1
0 14
255 37
0 9
255 1
0 4
255 15
0 12
255 34
0 5
255 21
0 11
255 2
0 11
255 25
0 6
255 120
0 9
255 154
255 11
0 4
255 58
0 17
255 22
0 8
255 22
0 5
255 38
0 22
255 39
0 9
255 2
0 5
255 12
0 12
255 36
0 5
255 19
0 11
255 8
0 10
255 24
0 6
255 121
0 9
255 152
255 10
0 5
255 55
0 16
255 24
0 8
255 24
0 5
255 36
0 21
255 40
0 9
255 4
0 4
255 10
0 13
255 37
0 5
255 18
0 10
255 13
0 11
255 22
0 6
255 122
0 9
255 150
255 10
0 4
255 53
0 14
255 27
0 9
255 24
0 6
255 34
0 20
255 41
0 9
255 6
0 4
255 7
0 13
255 39
0 5
255 18
0 9
255 18
0 9
255 23
0 5
255 123
0 9
255 148
255 9
0 5
255 50
0 13
255 29
0 9
255 25
0 7
255 32
0 18
255 43
0 9
255 7
0 4
255 6
0 12
255 41
0 6
255 16
0 8
255 23
0 8
255 22
0 5
255 125
0 9
255 146
255 9
0 4
255 47
0 14
255 30
0 9
255 27
0 7
255 30
0 17
255 44
0 9
255 9
0 4
255 4
0 11
255 44
0 5
255 16
0 7
255 28
0 74
255 85
0 9
255 144
255 8
0 5
255 44
0 14
255 31
0 9
255 28
0 8
255 28
0 16
255 44
0 10
255 10
0 5
255 2
0 10
255 46
0 5
255 15
0 8
255 28
0 108
255 54
0 9
255 142
255 7
0 5
255 41
0 15
255 32
0 9
255 29
0 9
255 26
0 14
255 46
0 10
255 12
0 4
255 2
0 8
255 48
0 5
255 15
0 7
255 23
0 147
255 24
0 9
255 140
255 7
0 4
255 39
0 14
255 35
0 8
255 31
0 9
255 23
0 14
255 46
0 11
255 13
0 13
255 49
0 5
255 15
0 7
255 17
0 159
255 21
0 9
255 138
255 6
0 5
255 36
0 14
255 36
0 8
255 32
0 5
255 1
0 4
255 19
0 14
255 48
0 10
255 16
0 11
255 50
0 5
255 14
0 7
255 12
0 58
255 28
0 86
255 17
0 9
255 136
255 6
0 4
255 35
0 12
255 38
0 8
255 33
0 5
255 2
0 4
255 16
0 14
255 49
0 10
255 18
0 10
255 50
0 6
255 13
0 7
255 6
0 46
255 15
0 4
255 33
0 20
255 17
0 50
255 13
0 9
255 134
255 5
0 5
255 34
0 10
255 39
0 8
255 34
0 5
255 3
0 4
255 13
0 14
255 32
0 28
255 19
0 9
255 51
0 6
255 13
0 6
255 1
0 36
255 7
0 6
255 19
0 4
255 39
0 17
255 46
0 23
255 10
0 8
255 133
255 5
0 4
255 33
0 9
255 40
0 9
255 35
0 5
255 3
0 4
255 9
0 75
255 20
0 9
255 52
0 6
255 13
0 40
255 12
0 6
255 18
0 5
255 43
0 15
255 49
0 23
255 6
0 8
255 131
255 5
0 4
255 28
0 11
255 41
0 9
255 36
0 5
255 2
0 89
255 20
0 8
255 53
0 6
255 8
0 42
255 17
0 6
255 18
0 4
255 48
0 14
255 51
0 23
255 2
0 7
255 130
255 4
0 5
255 24
0 13
255 41
0 9
255 37
0 100
255 15
0 8
255 54
0 6
255 2
0 45
255 22
0 6
255 17
0 4
255 51
0 12
255 55
0 28
255 129
255 4
0 4
255 24
0 13
255 40
0 9
255 37
0 46
255 37
0 22
255 10
0 10
255 54
0 29
255 3
0 17
255 25
0 8
255 17
0 4
255 54
0 10
255 59
0 23
255 128
255 4
0 4
255 24
0 11
255 41
0 8
255 34
0 32
255 1
0 7
255 45
0 11
255 5
0 12
255 5
0 11
255 54
0 23
255 6
0 17
255 29
0 9
255 16
0 4
255 57
0 8
255 64
0 23
255 122
255 3
0 5
255 24
0 6
255 44
0 8
255 32
0 18
255 3
0 12
255 2
0 8
255 43
0 12
255 10
0 11
255 2
0 12
255 50
0 20
255 2
0 5
255 4
0 15
255 32
0 11
255 15
0 5
255 59
0 6
255 68
0 24
255 116
255 3
0 4
255 73
0 8
255 30
0 18
255 6
0 10
255 4
0 7
255 42
0 12
255 15
0 17
255 1
0 5
255 46
0 17
255 8
0 5
255 3
0 13
255 35
0 12
255 16
0 4
255 60
0 6
255 73
0 20
255 114
255 3
0 4
255 71
0 8
255 27
0 21
255 6
0 10
255 4
0 8
255 40
0 12
255 21
0 12
255 2
0 5
255 43
0 17
255 11
0 5
255 1
0 12
255 38
0 8
255 1
0 5
255 15
0 4
255 61
0 6
255 77
0 18
255 111
255 2
0 5
255 69
0 9
255 24
0 18
255 1
0 5
255 5
0 10
255 5
0 7
255 39
0 12
255 27
0 7
255 4
0 5
255 38
0 18
255 14
0 15
255 41
0 9
255 2
0 5
255 14
0 5
255 61
0 7
255 76
0 19
255 109
255 2
0 4
255 69
0 8
255 22
0 18
255 5
0 5
255 3
0 10
255 5
0 8
255 37
0 13
255 29
0 9
255 1
0 5
255 35
0 21
255 15
0 13
255 41
0 11
255 2
0 5
255 15
0 4
255 63
0 6
255 76
0 6
255 4
0 11
255 106
255 2
0 4
255 67
0 8
255 19
0 18
255 9
0 5
255 1
0 13
255 4
0 7
255 36
0 13
255 31
0 15
255 32
0 17
255 2
0 6
255 14
0 11
255 43
0 6
255 1
0 4
255 4
0 5
255 14
0 4
255 64
0 6
255 76
0 7
255 5
0 10
255 104
255 1
0 5
255 65
0 8
255 18
0 17
255 12
0 15
255 1
0 4
255 2
0 7
255 36
0 12
255 33
0 6
255 1
0 8
255 29
0 17
255 5
0 6
255 14
0 10
255 44
0 6
255 2
0 4
255 5
0 5
255 13
0 4
255 65
0 6
255 77
0 6
255 6
0 11
255 101
255 1
0 4
255 64
0 8
255 17
0 16
255 15
0 14
255 3
0 4
255 1
0 7
255 34
0 12
255 35
0 6
255 3
0 7
255 25
0 17
255 8
0 6
255 13
0 10
255 44
0 7
255 2
0 5
255 6
0 4
255 13
0 4
255 66
0 6
255 77
0 6
255 7
0 11
255 99
255 1
0 4
255 62
0 9
255 15
0 14
255 19
0 13
255 5
0 10
255 33
0 12
255 37
0 6
255 5
0 7
255 20
0 17
255 11
0 6
255 12
0 10
255 45
0 7
255 3
0 4
255 7
0 5
255 12
0 4
255 67
0 6
255 77
0 6
255 9
0 10
255 97
0 5
255 61
0 8
255 14
0 13
255 22
0 11
255 7
0 10
255 31
0 12
255 38
0 6
255 6
0 8
255 16
0 17
255 14
0 6
255 11
0 11
255 45
0 6
255 5
0 4
255 8
0 5
255 11
0 4
255 69
0 5
255 77
0 6
255 10
0 11
255 94
0 4
255 60
0 8
255 13
0 13
255 24
0 10
255 9
0 8
255 30
0 12
255 40
0 6
255 6
0 10
255 10
0 18
255 18
0 5
255 9
0 14
255 44
0 6
255 5
0 5
255 9
0 4
255 12
0 4
255 68
0 5
255 78
0 6
255 12
0 10
255 92
0 4
255 58
0 8
255 12
0 13
255 25
0 10
255 10
0 8
255 28
0 12
255 42
0 6
255 7
0 5
255 1
0 5
255 5
0 18
255 21
0 5
255 8
0 10
255 2
0 4
255 42
0 7
255 6
0 4
255 10
0 5
255 11
0 4
255 69
0 5
255 79
0 4
255 14
0 11
255 89
0 4
255 57
0 7
255 11
0 13
255 26
0 10
255 11
0 7
255 27
0 13
255 43
0 6
255 7
0 5
255 3
0 4
255 3
0 15
255 25
0 5
255 7
0 10
255 5
0 3
255 41
0 6
255 7
0 5
255 11
0 5
255 10
0 4
255 70
0 5
255 78
0 5
255 16
0 10
255 87
0 3
255 56
0 8
255 9
0 13
255 26
0 10
255 12
0 8
255 25
0 13
255 45
0 6
255 7
0 5
255 4
0 18
255 27
0 6
255 5
0 10
255 51
0 6
255 8
0 4
255 13
0 5
255 9
0 4
255 71
0 4
255 79
0 4
255 18
0 11
255 84
0 3
255 55
0 7
255 8
0 13
255 27
0 10
255 13
0 9
255 21
0 14
255 47
0 6
255 8
0 5
255 5
0 13
255 30
0 6
255 4
0 10
255 52
0 6
255 8
0 5
255 13
0 5
255 9
0 4
255 71
0 5
255 78
0 4
255 21
0 10
255 82
0 3
255 54
0 6
255 7
0 13
255 28
0 11
255 12
0 11
255 18
0 14
255 49
0 6
255 8
0 5
255 5
0 10
255 33
0 6
255 3
0 10
255 53
0 6
255 8
0 5
255 15
0 5
255 8
0 4
255 72
0 5
255 77
0 5
255 22
0 11
255 79
0 2
255 54
0 6
255 5
0 13
255 29
0 12
255 12
0 7
255 1
0 4
255 15
0 14
255 51
0 6
255 8
0 5
255 4
0 10
255 33
0 7
255 2
0 10
255 54
0 6
255 9
0 4
255 17
0 5
255 7
0 4
255 73
0 5
255 77
0 4
255 25
0 10
255 77
0 2
255 52
0 7
255 4
0 12
255 29
0 14
255 12
0 6
255 3
0 4
255 12
0 13
255 54
0 5
255 9
0 5
255 2
0 12
255 33
0 7
255 1
0 9
255 56
0 6
255 9
0 5
255 17
0 5
255 8
0 4
255 72
0 5
255 77
0 5
255 26
0 11
255 74
0 2
255 51
0 7
255 3
0 11
255 30
0 15
255 12
0 6
255 4
0 3
255 9
0 14
255 56
0 5
255 10
0 20
255 30
0 7
255 1
0 9
255 56
0 7
255 10
0 4
255 19
0 5
255 7
0 4
255 73
0 5
255 77
0 4
255 28
0 11
255 72
0 1
255 51
0 6
255 3
0 10
255 31
0 10
255 1
0 5
255 12
0 5
255 6
0 3
255 6
0 14
255 58
0 6
255 9
0 14
255 3
0 4
255 29
0 16
255 57
0 6
255 11
0 5
255 20
0 4
255 7
0 4
255 74
0 4
255 77
0 4
255 31
0 10
255 70
0 1
255 50
0 6
255 2
0 9
255 31
0 10
255 3
0 5
255 12
0 5
255 7
0 3
255 4
0 13
255 60
0 6
255 9
0 12
255 6
0 4
255 28
0 15
255 57
0 7
255 12
0 4
255 21
0 4
255 7
0 4
255 74
0 4
255 77
0 5
255 32
0 11
255 67
0 1
255 48
0 7
255 1
0 9
255 31
0 10
255 4
0 5
255 12
0 6
255 7
0 3
255 1
0 12
255 64
0 5
255 9
0 11
255 9
0 4
255 25
0 15
255 58
0 7
255 12
0 5
255 22
0 4
255 6
0 4
255 74
0 4
255 18
0 1
255 59
0 4
255 35
0 10
255 65
0 1
255 47
0 16
255 31
0 10
255 5
0 5
255 12
0 6
255 8
0 13
255 66
0 5
255 9
0 10
255 11
0 4
255 24
0 14
255 59
0 6
255 13
0 5
255 23
0 4
255 6
0 4
255 74
0 4
255 17
0 4
255 57
0 5
255 36
0 11
255 62
0 1
255 46
0 15
255 32
0 9
255 6
0 5
255 12
0 6
255 7
0 12
255 68
0 5
255 8
0 10
255 13
0 5
255 21
0 14
255 59
0 7
255 14
0 5
255 23
0 5
255 5
0 4
255 75
0 4
255 15
0 5
255 58
0 4
255 39
0 10
255 60
0 1
255 45
0 14
255 32
0 8
255 8
0 5
255 12
0 6
255 5
0 12
255 70
0 5
255 6
0 10
255 17
0 4
255 20
0 13
255 60
0 7
255 14
0 5
255 25
0 4
255 5
0 4
255 75
0 4
255 15
0 5
255 58
0 4
255 41
0 9
255 59
0 1
255 44
0 12
255 33
0 8
255 9
0 5
255 12
0 6
255 3
0 12
255 72
0 5
255 5
0 10
255 19
0 4
255 19
0 12
255 61
0 6
255 16
0 4
255 26
0 4
255 6
0 4
255 74
0 4
255 15
0 4
255 60
0 4
255 43
0 8
255 57
0 1
255 42
0 12
255 34
0 7
255 10
0 5
255 12
0 6
255 1
0 14
255 72
0 6
255 3
0 11
255 21
0 4
255 16
0 12
255 61
0 7
255 16
0 5
255 26
0 5
255 5
0 4
255 74
0 4
255 14
0 5
255 60
0 4
255 45
0 8
255 55
0 1
255 41
0 11
255 34
0 8
255 10
0 5
255 13
0 17
255 1
0 3
255 71
0 6
255 1
0 14
255 21
0 4
255 15
0 11
255 62
0 7
255 17
0 4
255 28
0 4
255 5
0 4
255 74
0 4
255 14
0 4
255 61
0 4
255 47
0 8
255 53
0 1
255 40
0 10
255 34
0 8
255 11
0 5
255 13
0 15
255 4
0 3
255 71
0 20
255 22
0 5
255 12
0 11
255 63
0 6
255 18
0 5
255 28
0 4
255 5
0 4
255 74
0 4
255 13
0 5
255 61
0 4
255 48
0 8
255 52
255 40
0 9
255 34
0 8
255 12
0 5
255 13
0 13
255 7
0 3
255 70
0 14
255 1
0 5
255 24
0 4
255 11
0 10
255 64
0 6
255 18
0 5
255 30
0 4
255 4
0 4
255 74
0 4
255 12
0 5
255 62
0 4
255 50
0 8
255 50
255 38
0 9
255 35
0 8
255 12
0 5
255 13
0 11
255 10
0 3
255 69
0 12
255 3
0 5
255 25
0 4
255 10
0 9
255 64
0 7
255 19
0 4
255 31
0 4
255 4
0 4
255 74
0 4
255 12
0 5
255 62
0 4
255 52
0 8
255 48
255 37
0 9
255 34
0 8
255 13
0 5
255 11
0 11
255 13
0 3
255 68
0 11
255 4
0 5
255 27
0 4
255 7
0 9
255 65
0 6
255 20
0 5
255 31
0 5
255 3
0 4
255 74
0 4
255 11
0 6
255 62
0 4
255 53
0 8
255 47
255 36
0 8
255 34
0 8
255 14
0 5
255 10
0 11
255 15
0 3
255 67
0 10
255 5
0 6
255 27
0 4
255 6
0 8
255 66
0 6
255 21
0 4
255 33
0 4
255 4
0 3
255 74
0 4
255 10
0 6
255 63
0 4
255 55
0 8
255 45
255 35
0 8
255 34
0 8
255 14
0 5
255 8
0 11
255 18
0 3
255 64
0 10
255 8
0 5
255 28
0 4
255 4
0 8
255 67
0 6
255 22
0 4
255 33
0 4
255 4
0 3
255 74
0 4
255 10
0 6
255 63
0 4
255 57
0 8
255 43
255 34
0 7
255 34
0 8
255 15
0 5
255 7
0 11
255 20
0 3
255 62
0 10
255 9
0 5
255 29
0 4
255 3
0 8
255 66
0 7
255 22
0 5
255 34
0 4
255 3
0 3
255 74
0 4
255 9
0 6
255 64
0 4
255 59
0 8
255 41
255 33
0 7
255 33
0 8
255 16
0 5
255 5
0 14
255 20
0 3
255 60
0 11
255 9
0 5
255 30
0 4
255 1
0 9
255 66
0 7
255 23
0 4
255 35
0 4
255 3
0 3
255 74
0 4
255 8
0 6
255 65
0 4
255 60
0 8
255 40
255 31
0 8
255 33
0 8
255 16
0 5
255 4
0 15
255 21
0 3
255 58
0 12
255 9
0 5
255 31
0 13
255 66
0 6
255 24
0 5
255 35
0 5
255 2
0 3
255 74
0 4
255 8
0 5
255 66
0 4
255 62
0 8
255 38
0 1
255 29
0 7
255 33
0 8
255 16
0 6
255 3
0 16
255 21
0 4
255 57
0 12
255 9
0 5
255 32
0 11
255 67
0 6
255 25
0 4
255 29
0 12
255 2
0 3
255 73
0 5
255 7
0 6
255 66
0 4
255 64
0 8
255 36
0 1
255 28
0 7
255 32
0 8
255 17
0 6
255 2
0 10
255 1
0 6
255 23
0 4
255 54
0 8
255 1
0 5
255 9
0 5
255 32
0 10
255 67
0 6
255 26
0 4
255 25
0 21
255 73
0 4
255 7
0 6
255 67
0 4
255 65
0 31
255 12
0 1
255 27
0 7
255 32
0 7
255 18
0 6
255 2
0 8
255 3
0 6
255 24
0 4
255 52
0 8
255 2
0 5
255 9
0 5
255 31
0 11
255 66
0 7
255 26
0 5
255 21
0 31
255 67
0 4
255 7
0 5
255 68
0 4
255 60
0 40
255 8
0 1
255 26
0 8
255 30
0 8
255 18
0 6
255 1
0 8
255 4
0 6
255 25
0 4
255 50
0 8
255 4
0 5
255 8
0 5
255 30
0 12
255 66
0 6
255 28
0 4
255 17
0 39
255 64
0 4
255 6
0 6
255 68
0 4
255 57
0 46
255 5
0 1
255 25
0 8
255 29
0 8
255 18
0 15
255 5
0 6
255 26
0 4
255 48
0 9
255 4
0 5
255 8
0 5
255 29
0 13
255 66
0 6
255 29
0 4
255 15
0 16
255 8
0 20
255 59
0 6
255 5
0 6
255 69
0 4
255 55
0 23
255 6
0 22
255 2
0 1
255 24
0 8
255 29
0 7
255 19
0 15
255 6
0 5
255 27
0 4
255 47
0 8
255 6
0 4
255 8
0 5
255 29
0 12
255 67
0 6
255 29
0 4
255 13
0 15
255 13
0 22
255 55
0 6
255 6
0 5
255 70
0 4
255 52
0 14
255 6
0 8
255 16
0 12
0 1
255 23
0 8
255 28
0 8
255 19
0 14
255 7
0 5
255 28
0 4
255 45
0 8
255 8
0 4
255 7
0 5
255 28
0 13
255 66
0 7
255 30
0 4
255 11
0 12
255 18
0 7
255 6
0 11
255 52
0 6
255 6
0 5
255 71
0 4
255 50
0 10
255 14
0 8
255 17
0 9
0 2
255 21
0 9
255 26
0 8
255 19
0 14
255 8
0 5
255 27
0 33
255 16
0 8
255 10
0 4
255 6
0 6
255 26
0 15
255 65
0 7
255 30
0 5
255 9
0 10
255 22
0 7
255 9
0 11
255 47
0 7
255 6
0 5
255 72
0 4
255 48
0 10
255 18
0 8
255 18
0 6
0 2
255 20
0 9
255 25
0 8
255 20
0 13
255 9
0 5
255 19
0 45
255 11
0 8
255 12
0 4
255 5
0 6
255 25
0 8
255 1
0 8
255 63
0 7
255 32
0 4
255 7
0 11
255 25
0 6
255 11
0 11
255 44
0 7
255 6
0 6
255 72
0 4
255 46
0 10
255 21
0 8
255 20
0 3
0 3
255 18
0 9
255 25
0 8
255 19
0 13
255 10
0 5
255 10
0 59
255 5
0 9
255 13
0 4
255 4
0 6
255 24
0 19
255 62
0 7
255 32
0 5
255 5
0 10
255 28
0 6
255 14
0 9
255 41
0 7
255 7
0 6
255 73
0 4
255 43
0 10
255 26
0 8
255 21
0 3
255 17
0 10
255 23
0 8
255 20
0 12
255 12
0 4
255 7
0 33
255 19
0 14
255 1
0 8
255 15
0 4
255 4
0 5
255 24
0 8
255 1
0 6
255 1
0 4
255 60
0 8
255 32
0 5
255 5
0 9
255 30
0 6
255 17
0 7
255 39
0 7
255 7
0 6
255 73
0 4
255 42
0 10
255 30
0 7
255 20
0 3
255 16
0 10
255 23
0 7
255 20
0 12
255 13
0 5
255 4
0 26
255 2
0 4
255 26
0 18
255 17
0 4
255 3
0 5
255 23
0 8
255 2
0 6
255 3
0 3
255 59
0 7
255 34
0 4
255 4
0 8
255 33
0 6
255 19
0 7
255 35
0 8
255 7
0 6
255 74
0 4
255 40
0 10
255 34
0 7
255 18
0 4
255 14
0 10
255 22
0 8
255 20
0 12
255 13
0 5
255 2
0 19
255 12
0 4
255 30
0 14
255 17
0 4
255 2
0 5
255 22
0 8
255 3
0 6
255 3
0 4
255 57
0 8
255 34
0 5
255 3
0 7
255 35
0 6
255 20
0 7
255 32
0 8
255 7
0 8
255 73
0 5
255 37
0 11
255 37
0 7
255 17
0 4
255 13
0 10
255 22
0 7
255 20
0 12
255 15
0 17
255 21
0 4
255 32
0 14
255 15
0 4
255 1
0 5
255 21
0 8
255 4
0 6
255 4
0 4
255 56
0 7
255 36
0 4
255 2
0 8
255 36
0 6
255 22
0 7
255 29
0 7
255 8
0 8
255 74
0 4
255 36
0 10
255 42
0 6
255 16
0 5
255 11
0 11
255 21
0 6
255 21
0 11
255 16
0 15
255 24
0 4
255 30
0 17
255 14
0 9
255 20
0 9
255 4
0 6
255 5
0 4
255 54
0 7
255 37
0 5
255 1
0 7
255 38
0 6
255 23
0 7
255 26
0 8
255 8
0 8
255 74
0 5
255 17
0 10
255 7
0 10
255 45
0 7
255 14
255 1
0 5
255 10
0 10
255 20
0 7
255 21
0 10
255 17
0 13
255 28
0 4
255 28
0 8
255 3
0 9
255 12
0 9
255 18
0 9
255 5
0 5
255 7
0 4
255 53
0 7
255 37
0 12
255 40
0 6
255 24
0 7
255 22
0 9
255 9
0 9
255 74
0 4
255 16
0 27
255 48
0 7
255 13
255 2
0 5
255 8
0 10
255 20
0 7
255 20
0 10
255 16
0 13
255 31
0 4
255 26
0 8
255 8
0 7
255 11
0 8
255 18
0 8
255 6
0 5
255 8
0 4
255 51
0 7
255 39
0 11
255 41
0 6
255 26
0 7
255 18
0 9
255 10
0 9
255 75
0 4
255 13
0 27
255 53
0 6
255 12
255 2
0 6
255 6
0 5
255 1
0 4
255 20
0 6
255 21
0 10
255 13
0 14
255 34
0 4
255 24
0 8
255 11
0 8
255 9
0 7
255 17
0 8
255 7
0 6
255 8
0 4
255 49
0 8
255 39
0 10
255 43
0 6
255 27
0 7
255 14
0 11
255 10
0 9
255 75
0 5
255 11
0 27
255 56
0 7
255 10
255 3
0 6
255 4
0 5
255 1
0 5
255 19
0 6
255 21
0 10
255 11
0 13
255 38
0 4
255 22
0 8
255 15
0 8
255 8
0 6
255 15
0 8
255 9
0 5
255 8
0 4
255 48
0 8
255 41
0 9
255 44
0 6
255 29
0 7
255 9
0 12
255 10
0 10
255 76
0 4
255 9
0 11
255 7
0 12
255 57
0 7
255 9
255 4
0 5
255 4
0 10
255 18
0 7
255 20
0 11
255 10
0 15
255 38
0 4
255 20
0 9
255 18
0 7
255 7
0 5
255 13
0 9
255 10
0 5
255 9
0 4
255 46
0 9
255 41
0 8
255 46
0 6
255 30
0 7
255 5
0 12
255 12
0 10
255 76
0 5
255 8
0 9
255 7
0 10
255 1
0 5
255 58
0 6
255 8
255 5
0 6
255 1
0 5
255 1
0 4
255 18
0 7
255 20
0 11
255 9
0 11
255 1
0 4
255 40
0 4
255 18
0 8
255 21
0 8
255 4
0 5
255 12
0 10
255 10
0 5
255 10
0 4
255 45
0 8
255 42
0 8
255 47
0 6
255 32
0 6
255 1
0 12
255 14
0 10
255 77
0 4
255 7
0 9
255 7
0 10
255 4
0 5
255 58
0 6
255 7
255 6
0 10
255 1
0 5
255 17
0 6
255 21
0 11
255 8
0 10
255 3
0 5
255 40
0 4
255 16
0 8
255 25
0 7
255 3
0 5
255 9
0 11
255 11
0 5
255 11
0 4
255 43
0 8
255 44
0 6
255 49
0 5
255 34
0 15
255 16
0 10
255 78
0 4
255 6
0 7
255 8
0 10
255 7
0 5
255 58
0 7
255 5
255 7
0 8
255 1
0 5
255 16
0 7
255 21
0 11
255 6
0 10
255 5
0 5
255 41
0 4
255 14
0 8
255 28
0 14
255 6
0 12
255 12
0 5
255 12
0 4
255 41
0 8
255 45
0 6
255 50
0 5
255 34
0 13
255 17
0 10
255 78
0 4
255 6
0 6
255 9
0 8
255 11
0 5
255 58
0 7
255 4
255 8
0 12
255 16
0 7
255 21
0 11
255 5
0 10
255 7
0 4
255 42
0 4
255 12
0 8
255 32
0 13
255 2
0 12
255 14
0 6
255 12
0 4
255 39
0 9
255 45
0 6
255 51
0 5
255 31
0 13
255 19
0 10
255 79
0 4
255 5
0 6
255 8
0 8
255 13
0 5
255 60
0 6
255 3
255 9
0 11
255 15
0 6
255 22
0 10
255 5
0 10
255 8
0 5
255 42
0 5
255 10
0 7
255 36
0 22
255 17
0 5
255 12
0 5
255 37
0 9
255 46
0 6
255 52
0 5
255 28
0 16
255 18
0 10
255 79
0 5
255 4
0 6
255 7
0 8
255 16
0 5
255 60
0 7
255 1
255 8
0 12
255 13
0 7
255 22
0 10
255 4
0 10
255 9
0 5
255 44
0 4
255 8
0 8
255 38
0 19
255 18
0 5
255 12
0 5
255 36
0 9
255 47
0 6
255 53
0 5
255 25
0 13
255 1
0 6
255 15
0 11
255 80
0 4
255 4
0 6
255 6
0 8
255 19
0 5
255 60
0 7
255 7
0 5
255 1
0 10
255 9
0 7
255 22
0 10
255 3
0 9
255 12
0 5
255 44
0 4
255 7
0 7
255 41
0 15
255 20
0 5
255 12
0 6
255 35
0 8
255 48
0 6
255 54
0 5
255 22
0 13
255 5
0 6
255 13
0 11
255 80
0 5
255 2
0 7
255 5
0 9
255 20
0 5
255 62
0 5
255 7
0 4
255 2
0 12
255 6
0 6
255 23
0 10
255 1
0 10
255 13
0 5
255 45
0 4
255 5
0 7
255 43
0 12
255 22
0 5
255 13
0 5
255 34
0 8
255 49
0 7
255 54
0 4
255 20
0 13
255 9
0 7
255 10
0 11
255 81
0 4
255 2
0 6
255 6
0 8
255 23
0 4
255 63
0 4
255 6
0 5
255 1
0 16
255 2
0 6
255 22
0 21
255 15
0 4
255 46
0 4
255 4
0 7
255 41
0 13
255 23
0 5
255 13
0 5
255 33
0 8
255 50
0 7
255 55
0 4
255 16
0 14
255 14
0 6
255 7
0 12
255 82
0 4
255 1
0 6
255 5
0 8
255 25
0 4
255 64
0 3
255 6
0 4
255 2
0 5
255 2
0 16
255 22
0 20
255 16
0 5
255 46
0 5
255 1
0 7
255 40
0 17
255 21
0 6
255 12
0 5
255 32
0 8
255 51
0 8
255 54
0 5
255 13
0 13
255 19
0 6
255 5
0 6
255 1
0 6
255 81
0 11
255 4
0 8
255 27
0 4
255 65
0 2
255 5
0 5
255 1
0 5
255 6
0 12
255 21
0 20
255 17
0 5
255 48
0 11
255 39
0 12
255 1
0 6
255 20
0 6
255 12
0 5
255 31
0 9
255 52
0 7
255 55
0 5
255 10
0 13
255 23
0 6
255 2
0 7
255 1
0 6
255 82
0 10
255 3
0 8
255 29
0 4
255 67
255 5
0 4
255 2
0 4
255 10
0 11
255 18
0 18
255 20
0 5
255 48
0 9
255 38
0 13
255 4
0 6
255 19
0 5
255 13
0 5
255 29
0 9
255 53
0 7
255 55
0 6
255 7
0 13
255 27
0 13
255 1
0 6
255 82
0 10
255 2
0 9
255 30
0 4
255 67
255 4
0 5
255 1
0 5
255 9
0 15
255 14
0 17
255 21
0 5
255 50
0 7
255 36
0 16
255 5
0 5
255 18
0 5
255 13
0 5
255 28
0 9
255 54
0 8
255 55
0 6
255 4
0 13
255 31
0 10
255 2
0 6
255 82
0 10
255 2
0 8
255 32
0 4
255 67
255 4
0 4
255 1
0 5
255 9
0 19
255 10
0 16
255 23
0 4
255 49
0 7
255 35
0 12
255 2
0 4
255 7
0 5
255 16
0 5
255 13
0 5
255 27
0 9
255 56
0 7
255 56
0 6
255 1
0 13
255 35
0 8
255 3
0 5
255 82
0 9
255 2
0 8
255 34
0 4
255 67
255 3
0 5
255 1
0 4
255 9
0 6
255 5
0 12
255 6
0 5
255 1
0 10
255 23
0 5
255 48
0 9
255 29
0 14
255 5
0 4
255 8
0 5
255 14
0 5
255 13
0 5
255 26
0 9
255 57
0 7
255 56
0 18
255 38
0 8
255 2
0 5
255 83
0 8
255 1
0 8
255 36
0 4
255 67
255 2
0 5
255 1
0 5
255 8
0 6
255 9
0 13
255 2
0 15
255 23
0 5
255 47
0 11
255 24
0 17
255 6
0 4
255 10
0 4
255 14
0 5
255 12
0 6
255 24
0 9
255 58
0 8
255 56
0 15
255 39
0 16
255 83
0 16
255 38
0 4
255 67
255 2
0 10
255 8
0 6
255 12
0 26
255 25
0 5
255 46
0 7
255 1
0 5
255 17
0 20
255 9
0 4
255 10
0 5
255 12
0 5
255 13
0 5
255 23
0 9
255 59
0 8
255 56
0 13
255 41
0 16
255 83
0 16
255 39
0 4
255 67
255 1
0 5
255 1
0 4
255 8
0 6
255 16
0 22
255 26
0 4
255 45
0 7
255 4
0 5
255 11
0 22
255 11
0 5
255 11
0 5
255 10
0 5
255 13
0 5
255 22
0 9
255 61
0 7
255 54
0 13
255 42
0 8
255 2
0 7
255 83
0 15
255 41
0 4
255 67
255 1
0 4
255 1
0 5
255 6
0 6
255 22
0 17
255 26
0 4
255 45
0 7
255 6
0 4
255 5
0 22
255 17
0 4
255 12
0 5
255 9
0 5
255 13
0 5
255 21
0 9
255 63
0 7
255 51
0 14
255 42
0 8
255 5
0 6
255 82
0 14
255 43
0 4
255 67
0 10
255 6
0 6
255 26
0 14
255 26
0 4
255 43
0 7
255 8
0 26
255 21
0 5
255 13
0 5
255 7
0 5
255 13
0 5
255 20
0 9
255 64
0 7
255 48
0 13
255 2
0 3
255 40
0 8
255 6
0 8
255 81
0 12
255 45
0 4
255 67
0 4
255 1
0 4
255 6
0 6
255 27
0 18
255 22
0 4
255 42
0 7
255 8
0 22
255 26
0 4
255 14
0 6
255 6
0 5
255 13
0 5
255 18
0 9
255 66
0 7
255 45
0 16
255 2
0 3
255 38
0 9
255 6
0 11
255 78
0 11
255 47
0 4
255 67
0 9
255 5
0 6
255 27
0 22
255 19
0 4
255 38
0 35
255 32
0 4
255 15
0 5
255 5
0 5
255 13
0 5
255 17
0 9
255 68
0 6
255 41
0 15
255 1
0 5
255 2
0 3
255 37
0 8
255 7
0 6
255 1
0 6
255 76
0 10
255 49
0 4
255 67
0 8
255 5
0 6
255 28
0 10
255 1
0 15
255 15
0 4
255 19
0 49
255 37
0 4
255 15
0 6
255 3
0 5
255 12
0 6
255 17
0 8
255 70
0 5
255 37
0 17
255 4
0 4
255 3
0 3
255 35
0 8
255 8
0 6
255 3
0 6
255 74
0 10
255 50
0 4
255 67
0 8
255 4
0 6
255 29
0 8
255 7
0 96
255 38
0 5
255 15
0 13
255 12
0 6
255 16
0 8
255 72
0 5
255 31
0 20
255 6
0 5
255 3
0 3
255 33
0 8
255 10
0 5
255 5
0 6
255 72
0 9
255 52
0 4
255 67
0 7
255 4
0 6
255 29
0 8
255 11
0 84
255 4
0 5
255 38
0 4
255 17
0 12
255 11
0 6
255 15
0 8
255 74
0 4
255 27
0 22
255 8
0 5
255 4
0 3
255 31
0 8
255 11
0 5
255 7
0 6
255 69
0 9
255 54
0 4
255 67
0 6
255 4
0 6
255 30
0 7
255 16
0 65
255 20
0 5
255 37
0 4
255 17
0 11
255 11
0 6
255 14
0 8
255 75
0 5
255 21
0 22
255 14
0 4
255 5
0 3
255 30
0 8
255 11
0 5
255 9
0 6
255 66
0 9
255 56
0 4
255 67
0 6
255 3
0 6
255 31
0 6
255 36
0 4
255 35
0 5
255 23
0 5
255 36
0 4
255 18
0 9
255 11
0 6
255 14
0 8
255 76
0 5
255 16
0 22
255 18
0 5
255 5
0 3
255 28
0 8
255 12
0 5
255 11
0 6
255 64
0 9
255 57
0 4
255 67
0 6
255 2
0 6
255 31
0 5
255 38
0 4
255 34
0 6
255 23
0 5
255 36
0 4
255 18
0 10
255 8
0 7
255 13
0 8
255 78
0 5
255 11
0 22
255 23
0 4
255 6
0 3
255 27
0 7
255 13
0 5
255 13
0 6
255 61
0 10
255 58
0 4
255 67
0 5
255 2
0 6
255 31
0 5
255 38
0 4
255 34
0 6
255 25
0 6
255 33
0 4
255 20
0 10
255 6
0 7
255 12
0 8
255 79
0 6
255 3
0 24
255 28
0 5
255 6
0 3
255 25
0 8
255 13
0 5
255 15
0 6
255 58
0 11
255 59
0 4
255 67
0 5
255 1
0 6
255 31
0 5
255 39
0 4
255 33
0 6
255 27
0 6
255 32
0 4
255 20
0 11
255 4
0 6
255 12
0 8
255 81
0 28
255 32
0 5
255 7
0 3
255 23
0 8
255 14
0 5
255 17
0 6
255 55
0 12
255 60
0 4
255 67
0 11
255 31
0 5
255 40
0 4
255 32
0 6
255 29
0 6
255 31
0 4
255 20
0 5
255 1
0 6
255 2
0 6
255 12
0 8
255 75
0 29
255 38
0 4
255 8
0 3
255 22
0 7
255 15
0 6
255 18
0 6
255 52
0 14
255 60
0 4
255 67
0 10
255 31
0 5
255 41
0 4
255 32
0 5
255 31
0 7
255 29
0 4
255 20
0 4
255 4
0 11
255 11
0 8
255 69
0 32
255 42
0 5
255 8
0 3
255 20
0 8
255 15
0 6
255 21
0 5
255 49
0 15
255 61
0 4
255 67
0 9
255 31
0 5
255 42
0 4
255 31
0 5
255 33
0 7
255 27
0 4
255 20
0 5
255 5
0 9
255 10
0 8
255 63
0 32
255 49
0 5
255 9
0 3
255 19
0 7
255 16
0 6
255 23
0 5
255 46
0 9
255 1
0 6
255 62
0 4
255 67
0 8
255 31
0 5
255 43
0 4
255 30
0 5
255 36
0 7
255 25
0 4
255 20
0 6
255 5
0 7
255 10
0 8
255 54
0 38
255 52
0 5
255 9
0 4
255 17
0 8
255 17
0 5
255 25
0 6
255 42
0 9
255 3
0 6
255 61
0 5
255 67
0 6
255 32
0 5
255 44
0 4
255 29
0 5
255 38
0 8
255 23
0 4
255 19
0 7
255 4
0 8
255 8
0 8
255 46
0 36
255 4
0 8
255 51
0 6
255 9
0 4
255 16
0 7
255 18
0 5
255 27
0 6
255 39
0 9
255 4
0 6
255 62
0 4
255 68
0 5
255 32
0 5
255 45
0 4
255 28
0 5
255 40
0 9
255 21
0 4
255 19
0 7
255 3
0 10
255 5
0 8
255 38
0 38
255 11
0 5
255 1
0 3
255 50
0 6
255 10
0 4
255 14
0 8
255 18
0 5
255 29
0 6
255 36
0 9
255 5
0 6
255 63
0 4
255 68
0 5
255 31
0 5
255 46
0 4
255 27
0 5
255 43
0 9
255 18
0 5
255 18
0 8
255 2
0 12
255 3
0 7
255 30
0 40
255 19
0 5
255 1
0 3
255 49
0 6
255 11
0 4
255 12
0 8
255 19
0 5
255 31
0 6
255 33
0 9
255 6
0 7
255 63
0 4
255 68
0 4
255 31
0 5
255 47
0 4
255 26
0 5
255 46
0 9
255 16
0 4
255 19
0 8
255 1
0 6
255 2
0 14
255 21
0 40
255 28
0 5
255 2
0 3
255 49
0 5
255 12
0 4
255 11
0 7
255 20
0 5
255 33
0 6
255 30
0 9
255 7
0 7
255 63
0 4
255 69
0 4
255 30
0 5
255 48
0 4
255 25
0 6
255 48
0 13
255 10
0 4
255 18
0 15
255 4
0 11
255 13
0 40
255 37
0 5
255 3
0 3
255 48
0 5
255 12
0 4
255 10
0 8
255 20
0 5
255 35
0 6
255 27
0 9
255 9
0 6
255 64
0 4
255 69
0 3
255 30
0 5
255 49
0 4
255 24
0 6
255 51
0 18
255 3
0 4
255 18
0 4
255 2
0 7
255 8
0 7
255 5
0 40
255 47
0 5
255 3
0 3
255 47
0 5
255 13
0 4
255 8
0 8
255 21
0 6
255 36
0 6
255 24
0 9
255 10
0 6
255 65
0 4
255 69
0 3
255 30
0 5
255 49
0 4
255 23
0 6
255 54
0 34
255 6
0 5
255 2
0 6
255 7
0 44
255 56
0 5
255 4
0 3
255 45
0 6
255 14
0 4
255 5
0 10
255 21
0 6
255 38
0 6
255 21
0 9
255 11
0 7
255 65
0 4
255 69
0 2
255 30
0 5
255 50
0 4
255 22
0 6
255 57
0 92
255 65
0 5
255 5
0 3
255 44
0 6
255 15
0 4
255 3
0 10
255 22
0 6
255 40
0 6
255 17
0 10
255 12
0 7
255 65
0 4
255 70
0 2
255 29
0 5
255 51
0 4
255 22
0 5
255 65
0 75
255 74
0 5
255 6
0 3
255 42
0 7
255 15
0 5
255 1
0 10
255 23
0 6
255 42
0 6
255 14
0 10
255 13
0 7
255 66
0 4
255 70
0 1
255 30
0 4
255 52
0 4
255 21
0 5
255 73
0 59
255 83
0 5
255 6
0 3
255 41
0 7
255 16
0 13
255 26
0 5
255 44
0 6
255 11
0 10
255 15
0 7
255 66
0 4
255 70
0 1
255 29
0 5
255 52
0 4
255 20
0 5
255 75
0 5
255 16
0 13
255 2
0 8
255 8
0 7
255 81
0 5
255 7
0 3
255 40
0 6
255 18
0 11
255 27
0 5
255 47
0 5
255 8
0 9
255 17
0 7
255 67
0 4
255 70
255 29
0 5
255 53
0 4
255 19
0 5
255 76
0 4
255 17
0 21
255 12
0 7
255 79
0 4
255 8
0 4
255 37
0 7
255 18
0 10
255 28
0 5
255 49
0 5
255 5
0 9
255 18
0 7
255 67
0 4
255 71
255 28
0 5
255 54
0 4
255 18
0 5
255 77
0 4
255 16
0 9
255 1
0 10
255 15
0 7
255 77
0 5
255 8
0 4
255 36
0 7
255 16
0 11
255 29
0 5
255 51
0 5
255 2
0 9
255 19
0 8
255 67
0 4
255 71
255 28
0 5
255 54
0 4
255 18
0 5
255 77
0 4
255 16
0 8
255 2
0 9
255 18
0 7
255 75
0 4
255 9
0 4
255 35
0 6
255 16
0 10
255 31
0 5
255 52
0 14
255 19
0 9
255 68
0 4
255 71
255 27
0 5
255 55
0 4
255 17
0 5
255 77
0 4
255 16
0 8
255 3
0 7
255 21
0 7
255 73
0 5
255 9
0 4
255 33
0 7
255 15
0 11
255 31
0 5
255 54
0 11
255 20
0 9
255 68
0 5
255 71
255 26
0 5
255 56
0 4
255 16
0 5
255 78
0 4
255 14
0 8
255 3
0 8
255 24
0 7
255 70
0 5
255 10
0 4
255 32
0 7
255 14
0 13
255 30
0 6
255 54
0 9
255 21
0 10
255 68
0 4
255 71
0 1
255 26
0 4
255 57
0 4
255 16
0 5
255 78
0 4
255 12
0 9
255 3
0 7
255 27
0 7
255 69
0 4
255 11
0 4
255 30
0 7
255 15
0 8
255 1
0 5
255 29
0 6
255 52
0 10
255 22
0 10
255 69
0 4
255 65
0 7
255 25
0 5
255 57
0 4
255 15
0 5
255 78
0 5
255 10
0 9
255 3
0 9
255 29
0 7
255 66
0 5
255 11
0 4
255 29
0 7
255 14
0 8
255 3
0 4
255 29
0 6
255 51
0 13
255 20
0 10
255 69
0 5
255 59
0 13
255 24
0 5
255 58
0 4
255 14
0 5
255 79
0 4
255 9
0 11
255 2
0 10
255 30
0 8
255 64
0 4
255 12
0 4
255 28
0 6
255 14
0 8
255 5
0 4
255 29
0 5
255 49
0 16
255 19
0 11
255 69
0 4
255 54
0 19
255 23
0 5
255 59
0 4
255 13
0 5
255 80
0 4
255 7
0 25
255 32
0 8
255 61
0 5
255 12
0 4
255 26
0 7
255 13
0 8
255 7
0 4
255 28
0 5
255 48
0 10
255 4
0 5
255 17
0 11
255 70
0 4
255 47
0 26
255 23
0 5
255 59
0 4
255 13
0 5
255 80
0 4
255 4
0 10
255 1
0 11
255 2
0 4
255 33
0 9
255 58
0 5
255 13
0 4
255 25
0 7
255 12
0 9
255 8
0 4
255 27
0 5
255 47
0 10
255 7
0 5
255 15
0 11
255 70
0 5
255 41
0 26
255 2
0 4
255 22
0 5
255 61
0 4
255 11
0 5
255 80
0 4
255 3
0 10
255 2
0 11
255 3
0 4
255 35
0 9
255 56
0 5
255 13
0 4
255 23
0 7
255 12
0 9
255 9
0 4
255 27
0 5
255 45
0 11
255 10
0 5
255 13
0 6
255 1
0 5
255 70
0 4
255 36
0 25
255 7
0 6
255 21
0 5
255 62
0 4
255 10
0 5
255 81
0 4
255 1
0 9
255 5
0 9
255 5
0 4
255 37
0 9
255 53
0 5
255 15
0 4
255 20
0 8
255 12
0 8
255 11
0 4
255 26
0 5
255 44
0 10
255 13
0 5
255 12
0 5
255 2
0 5
255 71
0 4
255 29
0 26
255 12
0 6
255 1
255 21
0 5
255 62
0 4
255 10
0 5
255 81
0 12
255 7
0 8
255 6
0 4
255 39
0 9
255 50
0 5
255 16
0 4
255 19
0 8
255 11
0 8
255 13
0 4
255 26
0 5
255 42
0 10
255 16
0 5
255 9
0 6
255 2
0 5
255 71
0 4
255 24
0 26
255 17
0 6
255 2
255 20
0 5
255 64
0 4
255 8
0 5
255 81
0 11
255 8
0 7
255 8
0 4
255 41
0 9
255 48
0 4
255 17
0 4
255 17
0 8
255 11
0 8
255 15
0 4
255 25
0 5
255 40
0 10
255 20
0 5
255 7
0 6
255 3
0 4
255 72
0 4
255 18
0 25
255 23
0 6
255 3
255 19
0 5
255 65
0 4
255 7
0 5
255 82
0 9
255 9
0 7
255 8
0 5
255 43
0 10
255 44
0 5
255 17
0 4
255 15
0 8
255 11
0 8
255 16
0 5
255 24
0 5
255 39
0 10
255 23
0 5
255 5
0 6
255 3
0 5
255 72
0 4
255 12
0 25
255 28
0 6
255 4
255 19
0 5
255 65
0 5
255 6
0 5
255 80
0 9
255 9
0 7
255 10
0 4
255 47
0 9
255 41
0 5
255 18
0 4
255 13
0 8
255 11
0 9
255 17
0 4
255 25
0 4
255 38
0 10
255 25
0 6
255 3
0 6
255 3
0 5
255 72
0 4
255 6
0 26
255 32
0 7
255 5
255 18
0 5
255 67
0 4
255 5
0 5
255 79
0 9
255 10
0 8
255 10
0 4
255 49
0 9
255 39
0 4
255 19
0 4
255 10
0 10
255 11
0 8
255 19
0 4
255 24
0 5
255 35
0 10
255 29
0 5
255 2
0 6
255 4
0 4
255 73
0 29
255 38
0 6
255 7
255 18
0 4
255 68
0 4
255 4
0 5
255 78
0 9
255 10
0 10
255 9
0 5
255 51
0 9
255 37
0 4
255 19
0 4
255 8
0 10
255 11
0 8
255 21
0 4
255 23
0 5
255 34
0 10
255 32
0 11
255 4
0 5
255 71
0 25
255 43
0 6
255 8
255 17
0 5
255 68
0 5
255 2
0 5
255 77
0 11
255 8
0 12
255 9
0 4
255 54
0 10
255 33
0 5
255 19
0 4
255 5
0 11
255 12
0 7
255 22
0 5
255 22
0 5
255 33
0 10
255 35
0 9
255 4
0 5
255 65
0 26
255 48
0 6
255 9
255 16
0 5
255 70
0 4
255 2
0 5
255 75
0 12
255 8
0 8
255 1
0 4
255 9
0 4
255 56
0 12
255 29
0 4
255 20
0 4
255 2
0 12
255 12
0 8
255 23
0 4
255 23
0 5
255 30
0 10
255 39
0 7
255 5
0 4
255 60
0 25
255 53
0 7
255 10
255 16
0 4
255 71
0 4
255 1
0 5
255 73
0 14
255 7
0 8
255 3
0 4
255 8
0 5
255 58
0 14
255 25
0 4
255 20
0 15
255 13
0 8
255 25
0 4
255 22
0 5
255 28
0 11
255 41
0 6
255 5
0 5
255 54
0 25
255 56
0 9
255 11
255 15
0 5
255 72
0 8
255 72
0 10
255 1
0 5
255 5
0 8
255 5
0 4
255 8
0 4
255 61
0 16
255 20
0 4
255 21
0 12
255 15
0 7
255 26
0 4
255 22
0 5
255 26
0 12
255 42
0 7
255 4
0 5
255 49
0 29
255 55
0 10
255 13
255 15
0 4
255 73
0 8
255 70
0 9
255 3
0 5
255 5
0 7
255 7
0 4
255 8
0 4
255 65
0 16
255 16
0 4
255 14
0 17
255 15
0 8
255 27
0 4
255 22
0 5
255 23
0 12
255 43
0 10
255 3
0 4
255 44
0 25
255 6
0 4
255 53
0 11
255 14
255 14
0 5
255 73
0 8
255 68
0 9
255 5
0 5
255 3
0 8
255 8
0 4
255 7
0 5
255 69
0 16
255 11
0 5
255 6
0 22
255 17
0 7
255 28
0 5
255 21
0 5
255 21
0 13
255 44
0 6
255 1
0 5
255 1
0 5
255 37
0 25
255 12
0 4
255 51
0 11
255 17
255 13
0 5
255 75
0 6
255 67
0 9
255 6
0 5
255 3
0 7
255 10
0 4
255 7
0 4
255 74
0 55
255 16
0 8
255 29
0 4
255 21
0 5
255 19
0 13
255 46
0 6
255 3
0 9
255 32
0 25
255 18
0 4
255 49
0 11
255 19
255 13
0 4
255 76
0 6
255 64
0 10
255 8
0 4
255 3
0 6
255 12
0 4
255 7
0 4
255 78
0 46
255 1
0 4
255 15
0 7
255 30
0 5
255 21
0 5
255 16
0 13
255 48
0 6
255 4
0 8
255 27
0 25
255 23
0 5
255 46
0 11
255 21
0 1
255 12
0 5
255 77
0 5
255 62
0 10
255 9
0 5
255 2
0 6
255 13
0 4
255 6
0 4
255 82
0 35
255 9
0 4
255 13
0 7
255 32
0 4
255 21
0 5
255 14
0 13
255 50
0 6
255 6
0 7
255 21
0 25
255 29
0 4
255 44
0 12
255 22
0 2
255 12
0 4
255 78
0 5
255 59
0 11
255 11
0 12
255 14
0 4
255 6
0 4
255 96
0 5
255 25
0 5
255 10
0 8
255 33
0 4
255 20
0 5
255 12
0 13
255 52
0 6
255 8
0 5
255 16
0 25
255 35
0 4
255 42
0 11
255 23
0 4
255 12
0 4
255 78
0 5
255 57
0 10
255 13
0 12
255 15
0 4
255 5
0 5
255 96
0 4
255 27
0 4
255 8
0 8
255 34
0 5
255 20
0 5
255 9
0 13
255 54
0 6
255 9
0 6
255 8
0 25
255 41
0 5
255 39
0 11
255 25
0 5
255 12
0 4
255 78
0 5
255 54
0 11
255 15
0 10
255 17
0 4
255 5
0 4
255 97
0 4
255 27
0 4
255 6
0 9
255 35
0 4
255 20
0 5
255 7
0 13
255 56
0 6
255 9
0 8
255 1
0 25
255 47
0 4
255 17
0 1
255 20
0 11
255 25
0 7
255 12
0 4
255 78
0 5
255 51
0 11
255 18
0 9
255 18
0 4
255 5
0 4
255 97
0 4
255 27
0 5
255 3
0 9
255 36
0 5
255 19
0 5
255 5
0 13
255 57
0 7
255 9
0 29
255 53
0 4
255 15
0 5
255 15
0 11
255 27
0 7
255 1
255 12
0 4
255 77
0 7
255 48
0 11
255 19
0 6
255 22
0 4
255 4
0 5
255 96
0 5
255 28
0 14
255 38
0 4
255 20
0 5
255 2
0 13
255 59
0 7
255 8
0 25
255 58
0 4
255 14
0 7
255 12
0 12
255 27
0 7
255 3
255 12
0 4
255 77
0 7
255 45
0 11
255 21
0 6
255 23
0 4
255 3
0 5
255 97
0 4
255 29
0 12
255 40
0 4
255 19
0 18
255 60
0 7
255 2
0 26
255 65
0 4
255 12
0 9
255 10
0 11
255 29
0 7
255 4
255 12
0 4
255 77
0 7
255 43
0 11
255 24
0 4
255 24
0 4
255 2
0 6
255 97
0 4
255 29
0 10
255 41
0 5
255 19
0 15
255 61
0 33
255 68
0 5
255 10
0 10
255 8
0 11
255 30
0 7
255 6
255 12
0 4
255 76
0 9
255 39
0 11
255 56
0 4
255 1
0 5
255 98
0 4
255 27
0 9
255 44
0 4
255 19
0 13
255 58
0 31
255 4
0 5
255 67
0 4
255 9
0 11
255 6
0 12
255 31
0 7
255 7
255 12
0 4
255 76
0 4
255 1
0 4
255 37
0 11
255 58
0 9
255 98
0 5
255 25
0 10
255 44
0 5
255 17
0 12
255 53
0 37
255 7
0 5
255 66
0 4
255 7
0 12
255 4
0 12
255 32
0 7
255 9
255 12
0 4
255 76
0 4
255 1
0 5
255 33
0 11
255 62
0 7
255 99
0 4
255 24
0 12
255 44
0 4
255 15
0 12
255 48
0 33
255 7
0 4
255 9
0 5
255 64
0 4
255 6
0 10
255 5
0 13
255 33
0 7
255 10
255 12
0 4
255 76
0 4
255 2
0 4
255 31
0 10
255 65
0 6
255 100
0 4
255 22
0 9
255 1
0 4
255 44
0 4
255 12
0 12
255 43
0 32
255 15
0 5
255 10
0 5
255 63
0 4
255 4
0 11
255 3
0 13
255 34
0 7
255 12
255 12
0 4
255 76
0 4
255 2
0 5
255 27
0 11
255 68
0 5
255 100
0 5
255 19
0 9
255 3
0 5
255 42
0 4
255 10
0 14
255 36
0 38
255 17
0 4
255 11
0 6
255 61
0 5
255 1
0 12
255 2
0 13
255 36
0 7
255 13
255 12
0 4
255 76
0 4
255 3
0 5
255 23
0 11
255 70
0 7
255 100
0 6
255 14
0 10
255 6
0 4
255 42
0 4
255 8
0 41
255 2
0 33
255 4
0 8
255 18
0 5
255 12
0 6
255 60
0 30
255 37
0 7
255 15
255 12
0 4
255 76
0 4
255 4
0 4
255 21
0 11
255 71
0 9
255 100
0 27
255 8
0 4
255 41
0 5
255 5
0 12
255 2
0 57
255 10
0 8
255 19
0 5
255 14
0 5
255 59
0 28
255 38
0 8
255 16
255 12
0 4
255 76
0 4
255 4
0 5
255 17
0 11
255 73
0 10
255 100
0 25
255 10
0 5
255 40
0 4
255 3
0 12
255 5
0 58
255 8
0 8
255 20
0 4
255 16
0 5
255 55
0 28
255 38
0 9
255 18
255 12
0 4
255 76
0 4
255 5
0 5
255 14
0 11
255 75
0 5
255 1
0 5
255 100
0 22
255 13
0 4
255 39
0 17
255 9
0 72
255 20
0 5
255 17
0 5
255 49
0 30
255 39
0 10
255 19
255 12
0 4
255 76
0 4
255 6
0 4
255 11
0 11
255 77
0 5
255 3
0 5
255 103
0 14
255 17
0 4
255 39
0 112
255 6
0 4
255 7
0 59
255 1
0 32
255 39
0 11
255 21
255 12
0 4
255 76
0 4
255 6
0 5
255 6
0 13
255 78
0 5
255 5
0 6
255 132
0 4
255 33
0 55
255 19
0 150
255 39
0 11
255 24
255 12
0 4
255 76
0 4
255 7
0 20
255 80
0 5
255 7
0 6
255 131
0 4
255 13
0 67
255 42
0 132
255 40
0 11
255 26
255 12
0 4
255 76
0 4
255 7
0 17
255 83
0 5
255 8
0 6
255 127
0 79
255 49
0 8
255 8
0 96
255 5
0 13
255 40
0 11
255 29
255 12
0 4
255 76
0 5
255 2
0 19
255 84
0 5
255 10
0 6
255 110
0 75
255 68
0 7
255 27
0 5
255 24
0 5
255 47
0 13
255 41
0 11
255 31
255 12
0 4
255 77
0 20
255 88
0 5
255 12
0 6
255 94
0 73
255 2
0 4
255 77
0 8
255 28
0 4
255 26
0 5
255 43
0 13
255 41
0 11
255 34
255 12
0 4
255 74
0 20
255 90
0 5
255 14
0 6
255 77
0 66
255 2
0 17
255 5
0 5
255 75
0 8
255 29
0 5
255 27
0 5
255 39
0 14
255 41
0 10
255 37
255 12
0 4
255 69
0 19
255 2
0 5
255 88
0 5
255 16
0 7
255 60
0 61
255 5
0 5
255 4
0 20
255 10
0 4
255 74
0 8
255 30
0 5
255 28
0 5
255 36
0 16
255 39
0 11
255 39
255 12
0 5
255 63
0 19
255 8
0 4
255 87
0 5
255 7
0 122
255 22
0 24
255 13
0 5
255 73
0 8
255 31
0 4
255 30
0 5
255 32
0 18
255 37
0 11
255 42
255 13
0 4
255 59
0 23
255 8
0 5
255 57
0 148
255 38
0 20
255 16
0 4
255 72
0 8
255 32
0 5
255 31
0 5
255 24
0 24
255 36
0 11
255 44
255 13
0 4
255 54
0 19
255 5
0 4
255 9
0 5
255 36
0 153
255 54
0 15
255 19
0 5
255 70
0 8
255 34
0 4
255 33
0 5
255 16
0 31
255 33
0 11
255 47
255 13
0 4
255 50
0 19
255 9
0 5
255 9
0 4
255 18
0 156
255 103
0 4
255 70
0 8
255 34
0 5
255 34
0 5
255 7
0 33
255 1
0 4
255 32
0 11
255 49
255 13
0 5
255 44
0 19
255 4
0 126
255 16
0 8
255 154
0 5
255 68
0 8
255 36
0 4
255 35
0 43
255 2
0 5
255 29
0 11
255 52
255 14
0 4
255 39
0 19
255 8
0 83
255 26
0 6
255 30
0 7
255 153
0 4
255 67
0 8
255 37
0 5
255 33
0 29
255 4
0 10
255 3
0 5
255 28
0 10
255 55
255 14
0 4
255 11
0 43
255 12
0 64
255 44
0 6
255 32
0 9
255 149
0 5
255 64
0 10
255 38
0 4
255 26
0 30
255 9
0 9
255 6
0 5
255 25
0 11
255 57
0 67
255 17
0 46
255 62
0 5
255 35
0 10
255 146
0 4
255 63
0 10
255 39
0 5
255 19
0 29
255 14
0 10
255 7
0 5
255 23
0 11
255 60
0 63
255 21
0 5
255 11
0 6
255 6
0 5
255 74
0 5
255 37
0 12
255 142
0 5
255 60
0 11
255 40
0 5
255 12
0 34
255 14
0 11
255 8
0 5
255 22
0 11
255 62
0 58
255 27
0 5
255 11
0 6
255 6
0 5
255 72
0 5
255 40
0 13
255 139
0 4
255 59
0 11
255 42
0 4
255 6
0 30
255 6
0 5
255 11
0 12
255 10
0 5
255 19
0 11
255 65
0 30
255 55
0 5
255 12
0 6
255 6
0 5
255 70
0 5
255 44
0 14
255 134
0 5
255 56
0 11
255 43
0 34
255 15
0 5
255 7
0 12
255 12
0 5
255 18
0 11
255 67
0 3
255 12
0 4
255 67
0 5
255 13
0 6
255 5
0 5
255 68
0 5
255 48
0 14
255 121
0 3
255 7
0 4
255 55
0 11
255 33
0 39
255 23
0 5
255 3
0 12
255 14
0 5
255 16
0 11
255 70
0 5
255 10
0 4
255 68
0 5
255 13
0 6
255 4
0 6
255 65
0 6
255 53
0 19
255 111
0 6
255 4
0 5
255 53
0 10
255 23
0 44
255 32
0 16
255 16
0 5
255 15
0 10
255 73
0 7
255 8
0 5
255 68
0 5
255 13
0 7
255 3
0 6
255 63
0 6
255 57
0 25
255 101
0 8
255 3
0 4
255 51
0 11
255 13
0 49
255 40
0 13
255 18
0 5
255 12
0 11
255 75
255 1
0 8
255 7
0 4
255 68
0 5
255 14
0 7
255 3
0 6
255 61
0 6
255 61
0 32
255 90
0 10
255 1
0 5
255 49
0 10
255 4
0 53
255 46
0 12
255 20
0 5
255 10
0 11
255 78
255 2
0 9
255 5
0 5
255 68
0 5
255 15
0 6
255 3
0 6
255 59
0 6
255 65
0 48
255 71
0 4
255 2
0 9
255 47
0 53
255 12
0 4
255 44
0 12
255 23
0 4
255 9
0 11
255 80
255 4
0 9
255 4
0 5
255 68
0 5
255 15
0 7
255 2
0 6
255 56
0 7
255 76
0 57
255 52
0 103
255 23
0 5
255 41
0 15
255 22
0 5
255 6
0 11
255 83
255 6
0 9
255 3
0 4
255 69
0 4
255 16
0 7
255 2
0 6
255 54
0 6
255 88
0 190
255 35
0 4
255 39
0 12
255 2
0 5
255 21
0 4
255 4
0 12
255 85
255 8
0 9
255 1
0 5
255 68
0 4
255 18
0 6
255 2
0 5
255 53
0 6
255 98
0 169
255 46
0 5
255 37
0 12
255 5
0 5
255 19
0 5
255 1
0 12
255 88
255 10
0 13
255 68
0 5
255 18
0 7
255 1
0 5
255 51
0 6
255 119
0 137
255 57
0 5
255 35
0 12
255 9
0 5
255 18
0 15
255 91
255 12
0 12
255 68
0 4
255 20
0 6
255 1
0 5
255 48
0 7
255 193
0 14
255 33
0 11
255 63
0 4
255 33
0 12
255 13
0 5
255 16
0 14
255 93
255 14
0 11
255 67
0 4
255 21
0 12
255 46
0 6
255 196
0 14
255 29
0 11
255 65
0 5
255 30
0 12
255 17
0 5
255 11
0 14
255 97
255 16
0 9
255 67
0 5
255 21
0 12
255 44
0 6
255 198
0 7
255 2
0 6
255 25
0 11
255 67
0 4
255 28
0 13
255 20
0 5
255 7
0 14
255 100
255 18
0 8
255 67
0 4
255 23
0 11
255 42
0 6
255 200
0 5
255 4
0 6
255 22
0 10
255 69
0 5
255 25
0 13
255 24
0 5
255 2
0 14
255 104
255 19
0 9
255 65
0 4
255 24
0 11
255 39
0 7
255 201
0 5
255 5
0 6
255 18
0 11
255 70
0 5
255 23
0 13
255 28
0 20
255 104
255 21
0 10
255 62
0 5
255 24
0 11
255 37
0 6
255 203
0 6
255 5
0 6
255 15
0 10
255 72
0 6
255 20
0 13
255 30
0 20
255 105
255 23
0 12
255 59
0 4
255 26
0 10
255 35
0 6
255 203
0 8
255 5
0 6
255 11
0 11
255 74
0 5
255 18
0 13
255 30
0 22
255 106
255 23
0 16
255 55
0 5
255 26
0 10
255 32
0 7
255 203
0 9
255 6
0 6
255 7
0 11
255 76
0 5
255 16
0 13
255 29
0 24
255 108
255 24
0 19
255 52
0 4
255 28
0 10
255 29
0 7
255 203
0 5
255 1
0 5
255 6
0 6
255 3
0 12
255 77
0 5
255 14
0 13
255 29
0 14
255 1
0 11
255 109
255 25
0 4
255 2
0 16
255 48
0 4
255 29
0 12
255 24
0 7
255 204
0 5
255 3
0 5
255 6
0 17
255 79
0 5
255 12
0 13
255 28
0 15
255 5
0 8
255 111
255 25
0 5
255 5
0 15
255 45
0 5
255 31
0 12
255 19
0 8
255 204
0 5
255 5
0 5
255 6
0 14
255 81
0 5
255 9
0 13
255 28
0 14
255 128
255 26
0 4
255 9
0 15
255 42
0 4
255 33
0 13
255 15
0 7
255 205
0 5
255 6
0 5
255 4
0 13
255 83
0 5
255 7
0 13
255 27
0 15
255 131
255 26
0 5
255 11
0 16
255 38
0 5
255 33
0 15
255 10
0 8
255 205
0 5
255 8
0 18
255 85
0 5
255 5
0 13
255 27
0 14
255 135
255 27
0 5
255 14
0 16
255 35
0 4
255 34
0 17
255 5
0 8
255 206
0 5
255 10
0 18
255 83
0 5
255 2
0 14
255 26
0 15
255 138
255 28
0 4
255 18
0 15
255 32
0 5
255 34
0 5
255 1
0 12
255 2
0 7
255 207
0 5
255 8
0 13
255 4
0 5
255 82
0 18
255 26
0 14
255 142
0 1
255 27
0 6
255 20
0 15
255 29
0 4
255 35
0 5
255 3
0 17
255 207
0 5
255 6
0 13
255 8
0 6
255 79
0 15
255 26
0 15
255 145
0 3
255 26
0 6
255 22
0 16
255 25
0 4
255 36
0 6
255 4
0 12
255 208
0 5
255 4
0 17
255 8
0 6
255 77
0 13
255 26
0 14
255 149
0 5
255 25
0 6
255 25
0 16
255 22
0 4
255 36
0 6
255 6
0 12
255 204
0 5
255 2
0 13
255 2
0 6
255 8
0 6
255 74
0 12
255 25
0 15
255 152
0 7
255 24
0 6
255 28
0 16
255 18
0 4
255 37
0 7
255 2
0 17
255 200
0 18
255 6
0 5
255 9
0 6
255 70
0 12
255 25
0 14
255 156
0 8
255 24
0 6
255 31
0 17
255 13
0 5
255 37
0 14
255 2
0 13
255 124
0 10
255 61
0 16
255 10
0 5
255 9
0 6
255 66
0 12
255 24
0 15
255 159
255 2
0 8
255 23
0 6
255 34
0 18
255 9
0 4
255 38
0 11
255 6
0 15
255 114
0 39
255 37
0 14
255 14
0 5
255 9
0 6
255 62
0 13
255 20
0 17
255 163
255 4
0 8
255 22
0 7
255 35
0 21
255 3
0 5
255 39
0 8
255 10
0 17
255 101
0 72
255 9
0 14
255 18
0 5
255 9
0 6
255 58
0 15
255 14
0 21
255 166
255 6
0 8
255 22
0 6
255 38
0 25
255 37
0 11
255 12
0 18
255 91
0 97
255 23
0 5
255 9
0 6
255 54
0 17
255 7
0 25
255 170
255 7
0 8
255 22
0 6
255 43
0 22
255 32
0 14
255 15
0 18
255 79
0 29
255 20
0 53
255 27
0 5
255 9
0 6
255 50
0 13
255 1
0 35
255 173
255 9
0 8
255 21
0 6
255 47
0 22
255 25
0 9
255 2
0 7
255 18
0 17
255 70
0 27
255 51
0 30
255 26
0 6
255 9
0 6
255 46
0 13
255 3
0 28
255 180
0 1
255 11
0 8
255 20
0 6
255 52
0 22
255 17
0 9
255 5
0 7
255 21
0 18
255 61
0 23
255 59
0 34
255 23
0 6
255 9
0 6
255 42
0 40
255 186
0 2
255 13
0 8
255 19
0 6
255 56
0 22
255 10
0 9
255 9
0 7
255 23
0 18
255 50
0 24
255 59
0 44
255 20
0 6
255 9
0 6
255 38
0 36
255 191
0 4
255 15
0 8
255 18
0 6
255 55
0 4
255 2
0 22
255 2
0 9
255 12
0 7
255 26
0 18
255 41
0 21
255 60
0 26
255 5
0 5
255 2
0 16
255 18
0 5
255 10
0 6
255 34
0 32
255 197
0 5
255 16
0 8
255 19
0 6
255 53
0 5
255 6
0 26
255 16
0 7
255 29
0 17
255 23
0 31
255 58
0 26
255 10
0 5
255 7
0 16
255 15
0 5
255 10
0 6
255 29
0 31
255 200
0 7
255 18
0 8
255 18
0 6
255 53
0 4
255 12
0 21
255 16
0 8
255 31
0 18
255 5
0 40
255 55
0 26
255 16
0 5
255 12
0 15
255 13
0 5
255 10
0 6
255 21
0 29
255 3
0 6
255 199
0 7
255 1
255 20
0 8
255 17
0 6
255 52
0 4
255 17
0 22
255 12
0 7
255 33
0 108
255 1
0 26
255 20
0 6
255 17
0 15
255 10
0 5
255 11
0 6
255 12
0 29
255 10
0 5
255 199
0 6
255 3
255 22
0 11
255 13
0 6
255 51
0 4
255 16
0 28
255 8
0 8
255 25
0 134
255 26
0 6
255 22
0 14
255 8
0 5
255 11
0 6
255 4
0 29
255 16
0 5
255 198
0 7
255 4
255 23
0 16
255 8
0 6
255 51
0 4
255 10
0 12
255 5
0 33
255 12
0 140
255 31
0 6
255 26
0 14
255 5
0 5
255 12
0 32
255 21
0 5
255 198
0 7
255 5
255 25
0 20
255 3
0 6
255 50
0 4
255 5
0 15
255 12
0 65
255 7
0 101
255 37
0 6
255 31
0 14
255 1
0 47
255 22
0 5
255 198
0 6
255 7
255 27
0 29
255 48
0 22
255 20
0 52
255 151
0 6
255 29
0 62
255 24
0 5
255 197
0 7
255 8
255 33
0 24
255 45
0 22
255 27
0 58
255 138
0 7
255 11
0 78
255 26
0 5
255 197
0 7
255 9
255 39
0 57
255 1
0 21
255 46
0 59
255 123
0 75
255 3
0 14
255 30
0 5
255 197
0 6
255 11
255 45
0 68
255 48
0 15
255 4
0 57
255 90
0 86
255 10
0 10
255 34
0 5
255 196
0 7
255 12
255 51
0 59
255 48
0 19
255 17
0 189
255 22
0 11
255 4
0 13
255 33
0 5
255 196
0 6
255 14
255 55
0 47
255 4
0 5
255 44
0 12
255 5
0 7
255 30
0 155
255 44
0 26
255 31
0 5
255 195
0 7
255 15
255 56
0 8
255 43
0 4
255 40
0 14
255 8
0 7
255 43
0 125
255 61
0 17
255 3
0 7
255 28
0 5
255 195
0 7
255 16
255 58
0 8
255 41
0 5
255 35
0 15
255 13
0 7
255 158
0 6
255 64
0 14
255 6
0 7
255 26
0 5
255 195
0 6
255 18
255 59
0 9
255 40
0 4
255 32
0 15
255 17
0 7
255 156
0 6
255 66
0 10
255 11
0 6
255 23
0 6
255 194
0 7
255 19
255 61
0 8
255 39
0 5
255 28
0 15
255 22
0 7
255 153
0 6
255 68
0 5
255 16
0 7
255 20
0 6
255 194
0 7
255 20
255 63
0 8
255 38
0 5
255 22
0 16
255 27
0 8
255 150
0 6
255 70
0 5
255 16
0 7
255 18
0 6
255 194
0 6
255 22
255 65
0 8
255 37
0 4
255 19
0 15
255 33
0 7
255 147
0 7
255 72
0 5
255 17
0 6
255 15
0 7
255 193
0 7
255 23
255 66
0 9
255 35
0 5
255 15
0 15
255 37
0 8
255 144
0 6
255 75
0 5
255 17
0 7
255 12
0 7
255 193
0 7
255 24
255 68
0 9
255 34
0 4
255 12
0 15
255 42
0 8
255 141
0 6
255 77
0 5
255 17
0 7
255 10
0 6
255 193
0 7
255 26
255 70
0 9
255 32
0 4
255 10
0 12
255 48
0 9
255 138
0 6
255 78
0 6
255 18
0 6
255 7
0 7
255 193
0 7
255 27
255 72
0 9
255 30
0 5
255 7
0 11
255 53
0 9
255 134
0 7
255 80
0 6
255 18
0 7
255 4
0 7
255 193
0 6
255 29
255 74
0 9
255 29
0 19
255 58
0 9
255 131
0 7
255 82
0 5
255 19
0 7
255 1
0 8
255 192
0 7
255 30
255 76
0 9
255 27
0 16
255 63
0 9
255 127
0 7
255 85
0 6
255 18
0 13
255 193
0 7
255 31
255 78
0 8
255 27
0 13
255 67
0 9
255 123
0 8
255 87
0 6
255 19
0 10
255 192
0 7
255 33
255 80
0 8
255 26
0 10
255 71
0 9
255 120
0 7
255 90
0 7
255 18
0 8
255 191
0 8
255 34
255 82
0 8
255 107
0 9
255 116
0 8
255 92
0 8
255 13
0 12
255 188
0 9
255 35
255 83
0 9
255 107
0 9
255 112
0 8
255 96
0 33
255 184
0 9
255 37
255 85
0 9
255 107
0 9
255 109
0 8
255 98
0 24
255 2
0 7
255 181
0 9
255 39
255 87
0 9
255 107
0 9
255 105
0 8
255 102
0 20
255 5
0 8
255 177
0 9
255 41
255 89
0 9
255 107
0 9
255 102
0 7
255 106
0 15
255 10
0 7
255 174
0 9
255 43
255 91
0 9
255 107
0 9
255 98
0 8
255 133
0 8
255 169
0 10
255 45
255 93
0 9
255 107
0 9
255 94
0 8
255 137
0 7
255 166
0 10
255 47
255 95
0 8
255 108
0 9
255 91
0 7
255 140
0 8
255 162
0 9
255 50
255 97
0 8
255 108
0 10
255 86
0 8
255 143
0 7
255 159
0 9
255 52
255 99
0 8
255 109
0 9
255 82
0 8
255 146
0 8
255 155
0 9
255 54
255 100
0 9
255 109
0 9
255 79
0 7
255 150
0 7
255 152
0 9
255 56
255 102
0 9
255 109
0 9
255 75
0 8
255 152
0 8
255 148
0 9
255 58
255 104
0 10
255 108
0 9
255 71
0 8
255 156
0 7
255 145
0 9
255 60
255 106
0 12
255 106
0 9
255 68
0 7
255 159
0 8
255 141
0 9
255 62
255 108
0 13
255 105
0 9
255 64
0 8
255 162
0 7
255 138
0 9
255 64
255 110
0 15
255 103
0 9
255 59
0 9
255 165
0 8
255 134
0 9
255 66
255 114
0 14
255 102
0 9
255 55
0 9
255 169
0 7
255 130
0 10
255 68
255 117
0 14
255 101
0 9
255 50
0 11
255 171
0 8
255 126
0 10
255 70
255 121
0 14
255 99
0 9
255 45
0 12
255 175
0 7
255 123
0 9
255 73
255 124
0 14
255 98
0 9
255 40
0 12
255 179
0 8
255 119
0 9
255 75
255 128
0 14
255 96
0 10
255 35
0 11
255 184
0 7
255 115
0 10
255 77
255 131
0 14
255 95
0 12
255 28
0 12
255 188
0 7
255 110
0 11
255 79
255 135
0 14
255 93
0 13
255 22
0 12
255 192
0 8
255 105
0 12
255 81
255 138
0 14
255 92
0 15
255 15
0 12
255 197
0 7
255 100
0 14
255 83
255 141
0 15
255 92
0 14
255 10
0 11
255 201
0 8
255 95
0 14
255 86
255 145
0 14
255 92
0 15
255 3
0 12
255 205
0 7
255 91
0 13
255 90
255 148
0 15
255 92
0 23
255 209
0 8
255 86
0 13
255 93
255 152
0 14
255 92
0 17
255 214
0 7
255 81
0 14
255 96
255 155
0 15
255 86
0 20
255 215
0 7
255 76
0 14
255 99
255 159
0 20
255 69
0 32
255 212
0 8
255 71
0 13
255 103
255 162
0 26
255 53
0 26
255 2
0 14
255 211
0 7
255 67
0 13
255 106
255 166
0 32
255 35
0 31
255 8
0 15
255 208
0 8
255 61
0 14
255 109
255 169
0 39
255 17
0 31
255 20
0 14
255 207
0 7
255 57
0 14
255 112
255 179
0 38
255 1
0 30
255 31
0 15
255 204
0 8
255 52
0 13
255 116
